57361268160414
39467413691690
33099879133750
67388587009466
72440909789005
76171132405508
15227436881465
46446226180353
94745425331067
31427610204124
16110091671279
95197809442128
79625876496610
4137650226986
61145061552800
82823865462372
58748092645589
20746804405480
92886757442783
82499667855539
30099407612832
43227748287214
96519378679668
96047056402346
25010257108885
24339527239511
38181267305646
58341937105439
13850549407689
99297498551732
56603232118130
44344912809549
33460412578583
22269995518372
37938569241166
44134412845586
79091253599843
81155707482799
93660441479128
84085179487475
46398343538492
25093339095560
43433352781383
92781266533651
61237816081230
93999572020476
80405092378966
64052640596180
16017008687736
1283624285725
25209103893382
77421249468296
79992087535776
36423489953154
25325912964017
65022326086839
10343401736498
94341238813828
45668690288248
79704178208814
20695826407748
10225316813318
39800235166949
22819666137029
11559551051701
84489531004085
89588431075875
764416155504
78684702398159
80914603316733
29959149810638
53802048727959
98759884070373
32835139041959
36265090503798
27064745346051
38416140742186
41937405314825
67788371189712
17677345289029
18860657991165
69269241828105
2554458499405
44177294004153
28139831227381
34737135253801
53496521961773
53189505323192
37832229155919
11083964752197
49448920672724
38912769924536
17104565128465
53027270202177
74550446960950
49932068345123
18577912804620
22772307638432
93503580807075
53554157317042
64243200705828
20567942940483
39325388743241
60229071355222
57947097096361
6492853488969
80245253540348
35343739251359
29679786636729
21286497250601
1277692711717
75952477067546
67627809576503
73675568191221
12885758390456
63415171120190
11756505223177
31332297592887
34913119693747
19084798804479
3388810119797
90776093203746
98278828735041
883369534901
4304423864780
95393384232342
8139428931321
74530007485335
58690395969626
40487007138378
90042502485876
46436330931500
61639454181776
36722781581089
26558637688432
64093031595777
26743138173132
67245299681334
21972468116716
39690713814193
95894190706139
76264203933686
2396380325991
19394639991926
17883268015956
27103099132146
33573002570035
64246856034977
5510789774474
19847387896028
36499155418709
25713576112962
78673405333337
64310356965650
37958992932587
19231856576772
68732414850826
53301326256324
92197631325480
5101630252458
90055284209053
68270833468855
55486043661096
13897286120703
68647855096414
16775897420133
51173576288632
44074758449529
95489058656299
53616533468187
58331150791188
33236776691576
73871804452435
27279611993003
16674448093203
68354854872552
49563715187073
73468653862151
97445996960315
7334677358102
22409347124601
38544666934871
22785911870473
63073552791447
87209305323582
48855231384859
48645479222293
73143040575002
37185099665999
46536141159663
62399871825363
30095381035973
88791783286663
72922578883236
18838884127099
65711219660874
23995911050082
63725852330204
65957000330185
20029585487788
74632871892946
70673930742499
55013224363202
82741200701164
81923819545112
45124743522558
5760272363082
76647331536686
74653763464932
75477694180209
3304426542127
21556085593198
49804867416621
86519344746751
5001368233914
1632589320362
59773375707180
70989083272002
61605204181129
51298706072348
76000801620078
98163736538620
89597715343388
92556842845617
12675281724347
16061214310008
30569491406346
5668705027680
14215906459723
4054314626766
34386679113313
9525254792882
21154867564040
51193732771533
94223299867143
24717570349741
50498434050828
47331015012094
80575978798263
38132380863301
96579464624833
59083604332810
42875491654444
18297086225070
26966490758986
97658760570541
3673763638688
59762033937557
31819498521914
23572451636426
72508370370291
23668478818599
6151642598809
11749402118953
23449963548170
62953180760798
13171218736774
93719072646192
27801805531135
6497695257067
93806062337731
23922259862333
98744029084564
20718439290226
77514917078866
66961888961074
37517463026879
43364279546828
76955325386575
67907414947122
28029019156384
18079320093953
73432778468241
62800866519892
43155318021604
51570345975130
86786105201499
99736030450297
35413828420988
85981914523694
10375635543096
50788660730536
32393342497931
97954000000040
53335064315249
56730723643827
61485310937124
1042735776190
7426649215285
28181589033914
28282890074312
72883914601537
30011842304932
19548511853906
17767693801347
56117463296196
84414811076458
61927193882627
77750286525285
25569028634431
60591038191748
10058617736008
7104946123996
12389328289877
23776460949739
8023388459949
51141753052159
24589151503583
79747980002003
45184199460521
70798963696332
77594278778308
79915280133345
5620423489613
81505932387561
47305568270785
99618630903746
17461061843307
32673720465629
22023611155776
96044190494503
92460391086906
22999442099395
8204697484482
42567454481650
83381992443692
45213826400443
93083999937732
36726368135510
75881055966032
20211281061105
82155625167339
66092939001219
53360720890681
73508943295039
37988697523587
33637629542262
88399044918136
33095476567345
81460061462626
31180087640259
14902638315435
19468644051693
72894228836537
54984427971603
93058455990358
43798845532422
96392060085977
21572409397451
790071637605
3194205862268
56525323110155
44056420133580
78550365074336
95280710662852
88702640811373
57186526978702
94639538038773
21564109192114
78198644690076
73604367848894
44848030673327
40343426257179
44910413033047
10767104772971
64040003384010
20307527414336
91414627143039
32877342738907
4621252897336
88811109562384
25570559837330
75554076682999
15747363701834
83675551022341
71280846021893
38649243725723
99093057161054
88150288382446
48014295731422
54070220142329
32908056806607
86667369594697
52026746582196
70799619322283
81276627928307
10102979962019
80463341034429
48132923579532
94193855075438
95823674864955
44844131904992
58262716954150
97231122936946
60858071395273
16415293045598
83538990125288
23576199860111
72957691416161
72153893455905
85894381868238
51574109078196
19123199064638
60324613754924
45393463308483
9509660117159
2480634558778
17485428691496
37234164183486
21463977698353
14108696586025
92980977813007
68715108957114
75157927717953
62588737610862
52318209716440
39677316763296
44331175457906
3391091653523
77419459862854
61276856406827
1718799564572
22090347872414
8034427509988
70908166221715
72088289636379
9933001060319
26376149432826
21370552605854
88871901002775
69027064535239
33816481595596
37484923445210
85481898730197
81715717905512
8790931452295
639078663716
45719870238960
20781264496379
90366956632152
4180094677738
13097465125425
37182172299331
9939013540510
23432264037040
84594288954313
32701527937143
70915644276628
59848496048516
33456347115543
91521954164588
49452096321234
23284574217652
73222464417940
38856068032396
36916516023142
77150606781681
17864105539279
37722248415568
27648298967343
18354787411011
14779424953914
61351495521859
23846884540085
10767304962040
68000730551043
22961308712360
26393417086748
92801081953946
45950219413263
19735784959007
77236553298532
44200037700881
22629759024497
37504783926043
99814349311910
87656137273558
50616232529127
88896379594209
96450533362691
51160461962311
30731347004456
1545521484034
51093266602917
59144077500792
233765113344
99519251268256
35623514649506
3726229877961
29056001412873
50403735091418
82485076081873
58526855696714
36071070754745
7129278360929
21125256199179
14645354067653
91521571994053
90902024900291
9828796074524
52199483804617
485892081820
41287657562953
1426010630102
21662030493043
93697156460127
11625377995217
53429084883054
95570453676276
15029848115138
3570728337893
89440636655445
88182948864808
23194416288122
77955910387287
418627984306
12711131356495
84475244252904
49374089221194
14639828661911
25931687399245
6916196987833
59490715107087
28114688360635
82136202391350
92402394957901
6067684983770
61141969645851
63992468054124
60931627382310
12089978550423
5037833945783
67810492437360
83097615957150
90024421509177
97447975559325
33718350875841
30003692700411
18179432161360
16851223579885
36048953056864
85622280376479
91783340744949
75882388743544
82062265509342
23658700485432
65742537969359
2250193404603
86058960322470
48849223680703
67443112051716
97103100080056
86553584808767
8396550127553
31964544735450
20689335298697
92631523064385
26519289841152
56639363816675
43415174173033
48585936414482
10322116578295
62109212579279
78584875879340
3900213697454
40302813065248
19174202842547
47948868763834
31941161373353
65110757651074
48447806189005
26717380521537
12687566188714
86064238755609
62065059562734
87989714933736
16747515208028
77933803026423
62234111159691
87234811447985
51412997599456
49821815996946
47935733840952
70300224517257
95362280891538
87570302104380
89469401117382
11248387415679
87550658805545
74055588210029
75886119440797
90869060326676
97232897726523
3490314291469
4113228772474
13873226670050
13575198315048
5296639549445
81070232127275
56070575456300
56849741247571
13479727086157
7758757798564
85770909362070
74971840834567
81199562027312
53538421279297
98708252801054
93574491897165
31957849373364
35241085481077
58357729844662
26429412120653
51428422909817
61962866799199
90061610025611
90995411170346
78954818343905
27804476536966
90593631127358
26537330747073
83338546495429
20009244558338
64253225837259
80955802528516
47950086632230
87743041254258
4743420199346
90434749172343
81313542230300
78226763382047
84500214598008
48799761227447
24646049689292
90869383638286
97929212588830
10264799063961
48307368596540
53640692362788
40433871920488
24140747418719
98441379778900
43173179356626
30513321360805
93057483430434
4361283471392
71030269934029
21771327279920
12130375296508
63434864151963
79513069104232
40318395279046
4502706972956
11794549816521
18878178234546
79008368822734
38765286082004
13596285162960
83718347293928
52142634708769
93185556172921
83679221213853
69482118458572
87298957021245
67297079031574
36477141713079
57515423360284
34064751550557
95843945842513
80535264656077
77877281063110
18518887163818
55242666238277
12916893125382
86462255272270
66339387854920
34441693218862
48894279762141
56185260568459
92579679281770
96939321670361
9190936809395
15674467890611
75002004780284
6395360853106
20893736947862
13600073502680
57965088756857
13394520249725
59398846866883
63585574633781
87289977943363
31159315407112
17416748926607
65012687961817
85469733583210
90947930772100
14541245603197
56675334209864
35817322251256
12969946420091
39835333503720
19467113694746
3840136505644
76498928185803
51923700355724
85193457019980
95065495882690
42198068112389
49623268096287
40660421295021
50673176224282
74008868361196
7169414120689
73274520353576
6497816517342
90545752461782
82052355617395
52502372334942
59930652396405
79080464382297
37303340098747
91990603508742
7289689734975
88146948119682
97866417999516
4764771817603
3384941020677
53784698352037
12530035826309
41601793719547
62959742708202
32780367363544
98138656532710
16094900334922
98553147319645
14019490429223
33017540847201
72824085372385
66033913880094
76238628837736
48545830559439
49566029014076
23119820407327
58965132199952
94875167469863
16991330410024
1761206687590
8064051535407
8830764311952
66908261829702
86957278410120
61346778445179
2150209216386
56676339715332
86014812938503
84004986919771
99052248129928
30942191117194
48915722262921
40251940233239
50206869866341
8424994322297
24338412325132
4381433139047
78382121385975
44383510919983
50109668945149
16360611832183
41356869442219
81950049045705
30596192160577
13776719290610
28713496683170
64910933004801
57506169038839
5841365717560
39925085333738
90418706761355
35350527021545
91757761434525
29004186918773
84532526782074
26584364830138
74442458723208
89755654679873
58614949086110
10638111546532
78643490794547
27622498905713
83074504658023
50824395986321
81424261815396
32613133897442
53894609562238
59437992598634
89843111954390
22934433532426
90030513803411
41098384567259
45086056038661
38848751183309
63390916987880
7152435833664
78289520549886
74924837817265
55518292129620
6955392821274
82852906820260
9810069002618
60027607336478
17163271019309
21857765457490
22209211279296
43146290904423
40115584271355
41779139195573
99413814866573
83938371029041
78470337357702
6826934857221
72471140616036
99997696399685
1591619500931
59549727242124
35970135892124
19138354547869
71352768969631
48379340596335
40753120457738
79350157319678
71983863143641
84194963809202
51716775077244
158127985322
37763125308622
55025414598998
44356617906608
53047433566494
35986757349963
91430452016581
776866741555
47743103996472
94567982206610
74525729392792
22685329957653
47021008388726
26578281540403
35586824682293
86819456642438
51400210825693
97698279754251
30683410275684
70406546531441
11758784742128
52174377728312
76642653039266
84281338662113
20694204418711
82133736171287
42853023049511
32934032534135
4037425556166
90805315447106
72194671196399
10603700739794
10860078431299
10735215749675
6156118255124
54980845084884
87101053055408
66309868039726
59755990804714
21543703646873
3964685444750
89448067915495
92689753611377
42674041814736
33292643706847
66256550543679
74261025234796
22740682215251
69485664979116
17051566963083
23110666471245
42397101800181
26544170990033
87821376146281
34010929962283
85868408989516
57414086832685
7526138990203
27124466299431
43227992309506
61854328743339
64260683128520
46460635990015
93818080084423
49735515389862
42281643624774
61083163932476
94314425180923
48313060139671
71994001161414
35536689540660
4778587886047
99957489847502
6164201671688
42559480573036
49069436368692
39509067490572
948586522121
52666806785394
41592569835412
71351774471608
2513012355380
10308363029366
40843288493383
58163929307615
80228565091943
6875714698458
35445447419033
7266599340075
19113775036812
43466848429687
60494099374860
43936572269789
20812349490703
49609154764122
45411498144780
87029573888078
30387989240890
40681333224633
35893679798510
7090670245489
2877326307249
81883425135491
31851252379978
52903712887552
12688310080658
96617579405809
50226001944840
48487439684286
9303997466384
10718769935400
81953591549690
20383777921289
9713422666471
58592045150614
98545334917491
72083123553019
9158379305671
32259620857531
4946283962530
88821533345218
15458252718116
80846152763886
17390537637136
42704553169610
24317589421252
64331759400520
7334946215975
92496406560366
46250629098669
34367123438194
13780494113924
12608048363754
98885277058098
42015720461955
54276381067603
97612728883473
90251068481735
39840270583343
43655798887867
90517305412291
40715233581694
51136500044842
79504814483338
68449475797589
15919073635745
4352687681844
63765613423082
58108765896598
64172030748038
45457237712465
64209500020555
27562731509039
63919166796995
37029646169345
88976473268576
98927951704944
16937149213594
75801946968317
37454007084875
44418851979433
57876388859271
50599399106215
57966639020817
12278973203139
87750574409174
