67422289897624
9602611958571
14737649134304
41348252064955
24493266822473
797143026405
5842813852770
41325858448258
73810736561200
30319192599579
84519516397080
46216485142013
76262475124619
72222613334511
93495101724411
31882288677173
21574996895232
72951278402440
71825827280658
98569890932881
1537342728660
40673612446612
48485896787425
64803126804085
72947714180589
21126140543965
44981068768181
14121856417151
72515060295786
59115025696523
42188543781299
60214360492170
5433890692632
74161817100462
38996850812460
81064953922490
86190498407830
76975722926738
18554278496779
47645087753574
49033689298942
48009626266294
5305974527021
33885157625928
84544721160629
17057751486263
79733943126740
11162426707385
94959961140599
74552272842977
44596538635027
29451583477338
24561058165834
80620883891696
35009189394584
45779717710064
35755260638670
66314586514722
87599631652295
69445441928529
97370489672706
97150982886921
28395448218325
91916990868237
41617502808448
69952635442369
75591059256241
15254769344385
596491792546
47518865629745
71859880524949
81277983139182
95155009766957
52904005226768
65289238928329
66395517496486
56278535540216
10853522076260
2417841287386
20215046000575
48684917157793
31821617643992
86441923838440
97673477065562
97051679739857
71032882929982
4103128834848
49506299499160
49301877808595
25490003525377
77648455401634
757904958422
77111524649536
34127887746768
46946879270276
56014087962587
45119142788672
45445953501724
77173840650921
9630607224575
2316922587760
96179596822450
49540883974327
85674845063472
31807523435082
98797872334262
64269423086552
76999331279592
26701709232412
60943262788435
36483173503640
11000106188257
67025671485175
11205593262986
58696884741201
54127716720969
24473752702107
78813429223524
63989788312903
42932484775069
64034094707099
81090378224397
2141355964764
9585263904374
69060763745467
38966459297753
28634753302849
7317744162600
54328981006496
98294463219597
80225641134804
63203165736072
42549592141054
71856599949084
1756950763985
68849059082704
11017287523882
27932244589272
10257733353518
86995107979424
87720985781475
67945699849113
55899880096334
4350117792340
81351156840219
25507899452445
89829096050488
12300174261929
66986691622651
99075871556990
86229903725640
44966833423177
75317758400639
90011992554726
95432602790892
27255526264718
99165618341465
20473079940350
73612732841338
49974837940810
79256685657227
62015832741538
39493807303395
19633899777533
69236906997182
64487947702936
92264740079225
8250464337838
79657085120472
69475690276364
46445303998434
59714768272847
11400134481974
63689869960762
62950932653987
38395743792273
35644816676039
69013474014382
71834823506689
49088446497885
22606495440235
25810721632963
39488965961214
29467517519596
92666638091615
71152995920667
84868654139615
87643459951201
51731312423218
84748017861897
73326547810682
30145424467891
92169263883045
47919767634255
26898236518016
63703500361555
17092043783209
26655120785416
49683177077826
4637902230715
89825165075736
25304279521911
22909067854113
24221649626068
5396399141662
89388135782741
71905543456315
95716822513898
32368216016793
95391118743371
25228038812088
11115534245476
89798231344063
62071425933054
24774637241675
32427086211253
75055375474218
10255592666347
65299118867882
4528999984554
74789395584173
75471247737953
67322661368949
27437281059325
39132798354481
2763109867542
85192692594100
21818046050128
14248083110148
29599116669715
89719129373236
68674723766506
11321130473442
72678580967205
50986220021250
87766555674025
63844013912369
96629699641919
18138178608726
34997583613477
55253152232587
74301438181539
68687077586906
87944159085954
62846171971160
97037115035766
69302221128344
93301371808966
78034320450853
75424333637096
58232790915996
992102409591
70367665496978
87892798149895
96364590245409
11625171488863
44135475629087
42640158850987
14726587148325
59571238981669
35512039170577
82468022758872
47417407554309
65510937879057
26061848745800
5673989430619
35673339983887
39076120375755
54355058740551
53559208150787
80737761128729
349823794961
66302439551190
91282374959834
8427657590012
47100549294618
99959098387471
50744629072586
23719055009317
29863403486380
23685242355573
78840320609572
29991927003949
23359676120851
14757173349961
94768715055551
31700934331094
81022754798157
68676879763720
906877369068
49422304632238
45082018644878
80057765383726
76031506241374
52487642880279
54263946043569
89144139257989
7077417228745
49160132904168
13268369709978
46316533698859
23909692499774
14015228228299
33300869542483
53476726796370
67791572048285
27782882981430
13161703905506
14088064164673
94590146212382
42069274823173
76292293520183
78870974243598
65340921584941
64986328451158
24177634515809
98972633699639
68053236780065
23791282500765
21544378589528
88808366375995
2896292451500
93293447930147
16994750924339
42453386026281
47331732130194
66521749229661
57752643230942
70347380152998
62899582745865
52009344823880
46031301154635
92348159117594
86257694153414
78277723311514
87043821818604
97552455916374
67228487490832
61895332170869
77017802201716
66603360261898
93015817790584
18058067116346
77335343859886
86233278262924
11394926753941
39732034180988
74065262800052
9672534698542
87764104971975
81633807738165
3692425511829
80057935894630
10228025879691
987028101920
71004869626960
44049597236819
68079299516955
74649353675959
42589077831394
1092909823237
92188370731489
21739330731085
35462993435391
15071599836329
31450411335790
51634874474636
73739478728006
35725503213115
50217423057946
70585878881021
11534366222886
44170146861747
81670319419568
69609475132141
74258659955566
72691059236352
50487965635598
48208329907302
39415492519638
53057127256050
19839641715570
46193791785558
67189080935553
47278694689880
63088136447480
6697586087367
74950718643595
55067008500807
9088310034698
35624121970758
95774875600134
78496515076286
12548510633241
45947367430839
70637583323639
60688643083360
39310689375932
46689714834205
15083805640202
14496767610364
51652501078597
52453665071006
17745873570904
37076586245480
9293111416275
10965651374685
83548416410958
75965522762040
61556155057168
6147126012994
31316378418802
56610271430408
52225238915496
44076979733898
81786187394661
9765553225560
1453956370754
53528892410534
10916144407567
55090458057905
57696041363864
35850672975279
91619025953322
54835270809172
39691636861089
54469226527483
72733817999313
96258875596810
37493063227261
91842890297251
22991355316597
12067876703125
93909076137055
52336111420440
36689754811312
9780322279392
45758181301436
74217932683529
6415359905340
85557286592532
30875972266860
96220914009940
54358266546694
49212637761614
5549893158620
92402705899596
99170507497529
38267716919788
84749601707106
92339921839253
94633213318756
4173711399072
41646895760327
99533069316834
72670835870056
31725204854475
72389260409653
98283194232729
24498999180998
30467075903902
26388256091244
61712001294825
99086386994501
37627744772724
98818010913191
61865441646560
85715926016797
42384720913222
3162067123706
17982545531147
89899314691952
10114866339146
66949524407041
85365781831651
91480773172303
48848182065945
89467657715542
41134208135309
11664301694293
885901543447
34276903684516
77442441191515
36725052949632
20935126248339
95668667676009
31343932447997
25625434328648
56012089374
68186070517604
74844725594946
35808981802262
1866789420687
22677658533554
15381986850251
31823799987435
27366914279725
7565135674353
38963608719845
86349767818760
75844750568490
46058234778663
43228883625494
26245887287576
49997665888815
4684119874244
41184604957884
67461378649656
66960722979075
80880423411486
3445940835943
34570773041921
98844481507134
8280598838102
99854362433348
7270334024016
83999562973542
57003200807773
16483567686491
44438824970708
2913820236367
37722963197665
37017893078311
90254609388851
26718324020717
65940223247759
29792465319146
2406859516053
87096377362113
36344866743676
88309261792110
57946548113840
11664828112349
53118180542414
24275505579933
78092283215867
9254359319577
318136515559
15070411473780
18585865445745
89235132029425
9016093510642
38211619910601
27800764694467
15953962432754
96456047358550
41880145296040
42949646392527
72014016546115
59925979289127
86711141795830
99404386447778
8056225011168
18109656658546
83693267826474
29607383293296
9729725304379
74858829301519
57523270399432
71473736183179
86629890799425
50725183964107
82187427458035
44641066649119
29418713665790
5195998120900
2887596677483
95336521334314
20137791033118
23863009586390
12273981561401
64831598960663
72945145001660
33105517907232
72097709806682
79552780043757
54674734513282
30488599163231
41828821299046
15392754411838
88736003584851
98476877015866
76781545170524
70272703138347
53398487372059
78109607005071
38946277302736
20400236064337
38872201012325
83548598228008
75388802634998
27319633408546
82065454843797
61342357187240
78731452476429
62487394236197
19644254235942
27990901390947
10624472700524
45949858629970
94156676263720
35889658013568
72412457058185
9798919702156
10958888111959
14185486405803
89565648197402
48026571310964
75944420772313
67732536980121
82915058305944
90439533730908
59198456052914
50564296694848
36019275090012
55289682640809
33610476310895
22103896688642
39872029357169
54448953868841
8635454730680
33367591944114
70285989515837
3905261117106
9709550895430
91349936377559
13056910171756
49261626992088
92185921016598
98074115577488
20422130706016
66367579533105
46046078823775
72088102295971
80528748986683
75583581026562
48337818902075
35615825029408
82093011774967
76073823057276
25466103229
30360323522382
46849857806941
7511978497883
88482262130789
92912065865336
32304253056143
23528147980857
46682594019929
69889301501486
37249294780478
82093397890467
37947662729424
23154961443356
30143837279298
96606549271408
22953221877834
97510041450789
38892306161665
96015108023364
14766917614459
46762900678447
78732449780921
8397818623686
82484179213329
16329730280972
45940966717736
66407657033401
79720236632045
45060291234564
50849070983367
82032571026916
83269019136516
82730866892941
72723130433765
66854710373379
65067216681392
16401421158469
49188328949310
19892530735928
20732865389330
15716981031064
94627862176545
48769370959640
21573795323313
81415524957944
2209827045247
61417607794031
16584859148279
70147570398619
39281953780840
75209716646489
33468372068012
98888346395591
25969644353640
22764268378118
195628868590
69258304011639
42503138354874
2892971404420
79886138601467
89570220852055
78984380796548
92811236830606
75458285657942
54382701524339
65307677998485
37389763322188
78467012991116
40405693391169
66284724464006
35146439683065
72159136548736
80837480546637
79645579584298
97635805446844
90037069394990
1519143829392
18808060840883
23021591356915
33308759743194
82722428744155
67214612969948
80700905966587
33249665201731
73888783901882
74955379849069
39011164013294
74268041999107
3845937211409
41185322729502
94276537524968
74347289897579
39740739548256
39316666700338
59120524798576
86679241641821
14516565270813
2886460141820
30255770209552
2157558439935
97663117600479
48480732191465
335521425352
55244853452267
70694222925544
55265157005745
30035296082978
93024399948138
45044144512634
1915098523791
24606916038368
23060283924783
36255062324559
6891279601753
82040239932827
93541551689676
54489056723498
14062130772244
43809912344945
53460290113699
88030357141285
47717751444454
31790754912699
43871252949912
62984950653966
2608539277964
66645005816212
84538506576397
72651281191344
63410809821302
15174093447351
58934129440051
91527183637412
69630469656684
75882423073809
59237804379416
39546899520058
96846163413236
13475313238537
93068462984420
63615695938877
37322476845054
97187387486753
82090115167599
66434257017262
10853455489044
82388644644103
7082999378114
21627242636918
59931305402535
57716417073535
58425534929302
1755286899711
83469815515217
73621619312839
43567176175454
78456429501993
13887944403913
15351125800586
94283059167675
17347583884190
27929367442689
37742863953848
70808165362288
62771279886905
9607813562860
15191304924779
31175793890547
2212799302527
66656087733330
79857693860745
26883206757620
25993978118847
55986053925079
39157848705280
37310882203568
16412456204134
83455129969222
79762145724593
21510803983836
24499971143894
36650732478571
2723274512820
44940340030521
71290322610448
62808068137361
95230318018912
8239396031059
18706846392463
43822810534191
9212869893554
19424424409858
55232878765063
74661354526745
23784681134002
76211844716216
57154687923149
6990155497136
60615361188582
97398274666989
94729113201474
22487945704410
84036656924754
85917325491252
19315214147730
3624618455517
58579498921326
82810673983660
56000261964199
39856452741093
13956983046656
26386133853871
89696691479161
30044758859979
87783546392753
69974636316554
18243975386791
83653279732641
98349022199573
63255729859955
3586869595356
85843668807788
43577043332553
23601874308480
67421756884099
10847290032619
92166669126595
76254652337748
81639503625159
19930231528349
4636734220500
81647915994487
47938279160103
43929072867220
57900972393490
36357652216161
55542589268640
191543052665
9982996103624
11234719386246
98863332961554
83904079961047
34713807631654
37443532631479
65159041459197
31177351614987
86230015936903
6882704574920
9517364142218
22876509045041
56227583856775
9526704486866
60212244910665
96695858687545
64257266775497
96215022356799
78519802146620
92212112301386
33667335835272
44326354754137
4621263414397
73602149705558
69777798565622
17921509950161
21394050205270
47924249808138
45712861415542
73562608311645
74551889992947
79385876119590
28883837577602
14333858583447
28943345357256
12704454276004
77248224215568
54187861270608
77679142147308
22025949023650
38815589173625
49418471956687
4575849580737
41038043253393
67952832887882
66710866201699
45202266719635
73842265427260
59368448201426
62968608106796
48738825536460
90173007032167
81965578274272
20059167410011
40033237052550
33894273947658
81033735925239
61056845870378
29145634057635
390181248901
14975578222071
25406380894325
56267459500653
35978446536111
91249740588159
43008935268023
8812044467067
26855484804450
34776971156598
36293942311946
65137115629718
23860874574600
14561604713476
42827147550673
32367663403767
49349457443303
39946572640108
57981140546208
9086318841031
33354918785428
95719951513305
61308786306144
43322882775840
22460434350709
93213079698440
20834246444220
78558652261811
44596503638214
77643979669536
13064263554524
9074400236079
14807422414824
62080629701985
88601346056001
29888327751844
1964353852225
41145449595538
85105258489253
66547970966024
91153184157354
64645595384545
79383435550861
55763891327402
25278029488435
21156344324016
49320618167065
87171814361055
2346412504647
25315741437736
83157374575629
79685592271808
22885892417296
74609303397607
79494157598841
50224824726185
84781091128319
17135234815002
64628525270173
13222724703818
84423212800218
71605598875813
